anise             1375   1491    410    246   1479    313    151    650     36   2339    816   2774   1605     34    216    120   2641   1072    470    707   1120   1441   1715    944   1424    174   3141    461    232    277   1853   1167    899     91   2960    838   2027    335    750   3151    130    131   1563    992      8    530    617   2644   1066   1640    914    336     69     40    455      6    787    311   1658   1092 
apricot             10    220     26    120     76    444    310      0     75    234    425      4    295    177    167    230    213    231    220    250    433    366    195    210    180    488     10    285    311    360     40      0    430    454     96    177     77    131    109     99    298    339     78    100    351    308    218    130     19    211    414     50    140    359    466    160    108    452    147     96 
artichoke         1750   2590    726   4144   2474    627   1433    171   2340     45    987   2839    514   2494   1350   2623    438    619   2429   1642    656   1722   1891    651    523     86   1066    446   2344    840   2962   2164   1757   2116    516   2986   1674   1589   3975   1175   1964   1701   2370   2535    268   3681   1978   1608   3122   1330     98   1336   3785   1188    516   2161    698   1815   2540   2634 
arugula            926   1392    388   2248   1376    336    737     92   1273     29    555   1562    321   1383    701   1414    232    391   1310    910    357    928   1016    325    264     41    538    243   1242    468   1622   1187   1034   1174    292   1566    971    865   2234    647   1094    935   1377   1386    167   2009   1085    891   1683    678     65    676   2176    614    274   1228    376   1009   1363   1458 
asparagus          551    584    133    119    600    125     68    256     12    946    311   1107    641     20     89     38   1042    425    215    283    490    574    714    357    620     73   1261    202     94     86    769    497    358     30   1232    331    842    145    314   1346     59     53    625    386      2    192    250   1072    418    658    386    136     33     16    182      6    332    149    659    430 
avocado            627    912    207   1470    914    218    538     55    822     26    355   1025    185    895    481   1003    121    255    851    589    236    618    695    214    184     35    359    129    859    271    999    810    669    764    197   1087    625    555   1439    446    668    631    836    885     96   1307    737    547   1046    483     33    495   1461    399    194    818    218    646    943    902 
banana             318    357     76     76    354     82     36    137     13    544    199    671    364     19     42     28    591    262     99    187    279    326    415    218    347     42    716     97     42     69    422    303    263     19    670    192    477     93    201    727     22     32    420    230      1    103    154    664    249    370    261    102     16      5    126      0    219     79    374    248 
basil             2465   2501    640    496   2648    530    283   1173     81   4256   1397   4980   2861     71    374    214   4741   1965    835   1214   2139   2511   3247   1663   2568    330   5596    802    398    471   3497   2197   1592    204   5232   1448   3679    658   1439   5724    227    246   2860   1671     16    836   1157   4766   1862   2880   1771    612    160     61    873     12   1491    606   2914   1965 
beet               516    534    126    105    582    111     57    249     18    864    332   1095    627     10     89     40   1017    399    176    269    445    597    680    392    566     88   1180    181     88     91    709    446    366     34   1159    295    759    131    296   1270     53     60    589    333      6    217    221    992    418    602    388    138     22     12    183      7    322    127    615    397 
blackberry         885    846    195    169    904    175     87    380     23   1434    462   1666    950     28    132     83   1554    657    308    418    714    848   1109    584    839    119   1910    257    131    137   1161    713    544     54   1817    487   1231    202    466   1984     82     69    961    557      6    287    393   1575    622   1001    574    221     46     32    319      8    532    205   1024    677 
blueberry         3567   5299   1331   8397   5003   1252   2899    375   4654    142   1961   5575   1101   5152   2595   5317    909   1243   4717   3252   1303   3375   3771   1223    965    170   2110    898   4811   1674   5956   4483   3685   4416   1089   6086   3396   3083   8187   2437   3739   3451   4873   4999    583   7538   3880   3343   6333   2687    224   2734   7896   2265   1005   4394   1376   3770   4943   5531 
broccoli           487    453    123     97    471    120     54    221     12    777    298    933    536     18     72     38    861    336    160    244    390    530    576    309    489     72    988    130     64     99    614    377    307     37    979    264    699    117    282   1048     49     38    542    327      3    182    198    805    381    546    323    124     27      8    165      3    288    107    563    358 
butternut            4     45      4     26     23    101     58      0     31     47     99      2     71     43     29     49     56     63     51     63    112     79     51     40     27    105      3     76     72     80     10      0    103     95     18     41     13     39     22     28     63     85     20     22     87     77     55     26      3     43    111     10     29    100     97     30     28    128     40     15 
cabbage           1314   1379    358    266   1472    274    133    649     34   2282    752   2804   1634     43    210    106   2544   1034    496    649   1159   1448   1765    962   1450    182   2994    469    223    242   1865   1130    872    107   2905    793   1974    354    749   3179    115    128   1556    957      8    461    599   2555   1021   1610    970    348     83     31    505     14    797    324   1568   1087 
cantaloupe        1522    240   3793    815   1012   1446   1691   3316   2741    529    302    385   1474   2008   2290    843    633   1324   1220   1034    126    128    598   2479   2062   1787   1197   1933    486   1846     72   1913    253    568    412   1085    935   2090    195    256   1699    833   1249   1365   1660     94    928    155   1127   1171    667   2702   1310   1605   1350   2220   2250    246    747    965 
caraway             34    419     41    203    178    913    632      0    215    447    946      7    572    354    302    510    409    486    409    545    916    669    350    410    296   1015     12    623    637    780     78      4    906    851    187    283    155    304    246    204    553    675    150    200    799    640    409    261     39    368    865     96    266    852    911    313    207    935    316    189 
carrot             341    336     95     66    380     60     37    162     14    626    190    672    395      9     66     29    644    265    127    183    299    342    408    207    330     59    756     89     60     68    476    281    226     16    816    186    475     92    176    774     35     28    379    232      2    120    168    605    246    409    291     71     17     15    136      1    241     73    372    234 
cauliflower        200   2538    233   1157    797   4959   3411      0   1161   2546   5063     78   3055   1882   1663   2759   2443   2879   2427   2857   5261   3871   2115   2258   1840   5646    115   3492   3786   4207    455     15   4918   4774   1158   1840    861   1640   1324   1063   3292   3723    877   1123   4447   3391   2430   1355    258   2188   4810    519   1381   4563   5054   1691   1281   4826   1774   1031 
cayenne            790    859    243    203    930    176     95    405     24   1464    483   1703    992     32    132     61   1590    658    323    397    728    861   1127    567    930    110   1837    278    154    167   1149    703    560     56   1770    512   1276    227    497   1998     79     72   1036    608      9    270    359   1633    633    980    642    229     52     29    331      8    495    189    995    680 
celery             634    725    174    144    708    160     72    337     26   1162    405   1414    814     25    126     61   1238    530    257    349    557    723    880    473    728     92   1517    224     98    139    973    594    476     60   1532    406   1051    182    375   1670     62     71    798    487      6    276    344   1284    565    867    513    184     39     14    249      6    428    169    838    538 
chard              727    821    197    169    759    162     79    331     21   1332    455   1565    928     20    106     72   1497    594    241    366    627    842    958    485    797    125   1681    241    146    135   1088    643    530     54   1727    432   1134    191    485   1758     51     70    906    531      8    258    343   1474    585    930    507    171     34     13    259     11    497    170    922    616 
cherry              63     49     14      7     64     11      8     28      1     97     28    110     64      2      8      7    105     36     18     34     41     70     69     49     69      8    119     16      9     11     70     47     35      1    124     28     86     15     33    143      4      4     52     34      0     16     28     95     36     68     37      8      8      1     18      0     33     17     73     50 
chestnut             1     40      3     22     18    111     71      0     22     40     70      1     55     37     33     42     51     44     42     61     82     77     33     43     36    113      1     54     72     76     11      0     87     98     17     27     21     21     23     22     58     68     12     19     83     47     49     35      9     38     93     14     27     94    104     39     28     78     36     11 
chickpea            63    897     87    439    337   1741   1326      0    409    909   1820     31   1080    665    596    962    859    997    821   1038   1798   1415    737    772    642   2134     42   1191   1359   1563    142      8   1807   1728    417    679    312    576    477    417   1226   1346    314    383   1645   1176    855    485     71    829   1766    205    540   1621   1874    622    482   1803    657    378 
cilantro          2816    359   6437   1394   1712   2435   2937   5813   4685    952    593    656   2453   3457   3912   1418   1167   2413   2229   1782    213    174   1009   4450   3570   3113   2039   3376    933   3165     90   3485    442   1029    729   1961   1664   3573    320    515   2857   1525   2322   2266   2861    153   1583    253   1890   2035   1157   4556   2268   2767   2271   3633   3878    420   1297   1736 
clementine          84    957    104    418    358   1911   1346      0    451   1040   2079     21   1197    738    640   1168    902   1130    926   1126   2005   1446    814    845    702   2251     48   1291   1436   1697    183     11   1929   1821    469    741    309    629    548    436   1294   1470    312    450   1821   1371    942    529    108    874   1844    191    546   1851   1986    632    449   1967    728    412 
coconut           3035    423   7135   1612   1861   2658   3301   6586   5137   1033    675    686   2776   3869   4284   1680   1155   2629   2382   1916    256    211   1111   4906   3923   3364   2399   3775   1034   3525    104   3941    471   1064    778   2047   1813   3915    358    528   3164   1608   2562   2389   3183    163   1725    275   2112   2179   1279   5113   2590   3016   2503   4169   4341    460   1465   1897 
coriander         1085    165   2546    533    663    922   1190   2456   1877    386    220    234   1019   1351   1489    574    401    993    851    714     94     77    430   1770   1394   1277    838   1380    383   1284     43   1377    170    352    281    749    644   1470    125    176   1104    597    930    928   1162     59    667    110    701    766    472   1880    899   1053    916   1539   1562    149    508    654 
cranberry         1054   1265    941   2257   1358    532    948    635   1583    112    551   1423    460   1525   1004   1486    281    516   1389    971    330    854   1068    730    570    316    684    542   1260    655   1534   1424   1001   1203    337   1669    970   1066   2005    621   1211    992   1393   1408    406   1857   1140    805   1728    836    130   1049   2151    799    445   1456    689    925   1278   1461 
cucumber            90     83     27     17    105     12     10     46      0    147     57    195    101      4     12      9    178     66     33     47     82     98    129     82     84     16    209     39     15     16    129     75     65      5    208     55    147     26     52    215     10      5    111     79      1     36     38    186     66    107     68     20      4      3     43      1     67     32    101     74 
currant             37    432     48    224    160    964    652      0    225    468    980     18    665    334    311    520    473    556    458    550    925    709    397    442    324   1181     20    631    711    781     83      7    987    895    255    309    170    324    261    215    652    718    161    208    899    633    440    255     44    413    932    106    248    881    968    301    214    962    314    195 
eggplant            52    710     60    332    209   1375   1006      0    332    732   1389     15    854    551    472    785    696    847    596    830   1367   1021    612    598    489   1605     33    959   1068   1181    112      5   1330   1354    320    503    215    432    356    305    830   1003    247    342   1178    926    665    396     58    621   1386    154    412   1234   1407    463    351   1400    469    282 
elderberry        2189    300   5237   1088   1371   1910   2437   4655   3707    788    487    488   2028   2824   3225   1150    902   1898   1715   1463    159    134    849   3544   2792   2513   1645   2801    717   2581    101   2796    337    781    586   1555   1365   2879    261    361   2214   1201   1896   1805   2378    108   1244    234   1573   1604    914   3681   1916   2191   1854   3090   3119    326   1050   1420 
endive             138   1729    163    806    586   3347   2516      0    811   1732   3570     65   2188   1343   1128   2067   1689   2021   1636   2064   3592   2502   1453   1510   1144   4021     85   2268   2633   2859    278     13   3377   3305    791   1220    573   1095    989    802   2291   2576    611    828   3095   2233   1676    911    176   1551   3258    352    996   3157   3496   1159    868   3266   1182    719 
fennel             587    599    128    113    600    114     63    257     23   1013    332   1177    680     26     87     55   1082    477    223    279    487    575    728    415    584     74   1322    192    118    126    802    511    344     38   1285    376    886    135    342   1390     56     66    647    388      6    173    282   1119    455    718    410    133     28     18    197     10    334    138    674    442 
fig               1691   2433    695   4010   2320    616   1390    171   2254     75    926   2649    550   2449   1244   2500    408    666   2338   1545    645   1679   1845    597    437     74    973    404   2300    823   2891   2085   1677   2066    535   2875   1654   1534   3783   1169   1885   1681   2298   2439    258   3474   1866   1629   3140   1322    124   1237   3760   1116    472   2170    626   1794   2353   2594 
garlic             126    117     32     36    142     33     14     54      7    216     75    234    171      4     21      9    254    107     51     74     99    133    171     83    134     14    293     56     23     23    190    113     92      4    317     74    203     39     70    291      8     10    158     97      0     40     45    231    106    171     98     34      6      2     50      1     82     27    145    107 
ginger             698    671    181    152    759    130     83    289     22   1216    418   1369    813     20    112     60   1328    531    247    340    595    715    857    441    764    114   1533    213    114    135    953    591    475     44   1489    412   1010    189    388   1620     54     67    826    456      5    242    273   1357    513    846    482    167     31     23    218      7    432    149    853    535 
gooseberry         264    228     51     55    264     52     31    107      8    389    137    468    281     12     45     21    431    190     93    115    187    224    301    156    263     31    526     88     33     53    339    191    155     18    526    144    334     71    123    558     23     23    259    158      1     75    119    425    215    289    167     64     17      9     85      0    142     57    258    209 
grape             2987   2186   4462   4122   3063   1925   2887   3580   4617    566   1136   2621   1887   4134   3429   3022    998   1963   3280   2414    700   1516   2106   3060   2448   1868   2151   2303   2404   2577   2461   3858   1702   2284    827   3522   2353   3422   3542   1253   3299   2282   3245   3409   1902   3143   2522   1548   3600   2211    764   3765   4551   2507   1829   4141   2903   1655   2818   3213 
grapefruit         149   1903    193    860    648   3753   2570      0    871   1922   3838     55   2339   1382   1308   2102   1822   2157   1876   2202   3818   2810   1599   1637   1261   4370     87   2598   2793   3244    327     19   3674   3605    941   1372    613   1263    992    847   2530   2826    659    855   3378   2561   1818    981    183   1680   3564    406   1040   3486   3876   1222    967   3773   1376    768 
guava             1340    190   3061    687    817   1095   1416   2869   2175    447    303    306   1192   1714   1900    733    497   1162   1028    843    118     95    450   2017   1635   1467    973   1610    449   1473     52   1691    204    486    337    942    765   1733    139    221   1450    695   1100   1087   1388     74    725    133    928    955    506   2299   1091   1265   1117   1819   1862    180    618    820 
honeydew          2803   3930   1100   6615   3911   1000   2065    268   3584    107   1557   4333    852   3900   2117   4320    682   1016   3739   2602   1044   2744   2982    989    803    118   1640    717   3790   1293   4821   3317   2862   3416    867   4725   2686   2361   6387   1914   3018   2643   3744   4021    421   6037   3130   2523   5006   2118    154   1997   6152   1838    810   3505   1081   2907   3991   4186 
horseradish        924    968    255    201   1079    212    110    446     21   1646    552   2001   1207     40    170     91   1856    745    356    488    828   1033   1249    659   1024    117   2128    330    165    172   1293    880    672     64   2056    586   1408    246    586   2293     86    103   1108    672      5    312    467   1961    776   1109    684    242     56     24    332      7    624    232   1119    783 
huckleberry        790    800    185    154    837    163     80    348     22   1348    459   1567    866     22    124     53   1457    650    294    361    625    791   1021    582    841     94   1766    260    135    166   1036    690    544     58   1748    459   1150    207    450   1812     69    113    950    568      2    264    330   1531    599    953    561    213     56     24    300      2    494    195    908    626 
juniper              4     35      6     13      9     70     60      0     16     27     81      0     46     22     25     36     40     40     50     41     80     60     30     24     17    105      0     51     60     69      9      0     83     65     13     26     12     23     17     13     54     46     10     14     69     46     26     18      6     36     63      7     25     65     78     22     13     70     31     13 
kiwi              1025   1049    244    212   1083    257    119    500     32   1666    588   2082   1255     49    177     75   1844    773    391    495    834   1043   1279    673   1114    147   2316    330    165    218   1469    847    635     64   2169    584   1585    265    550   2326     99     85   1166    682      6    361    506   2050    775   1229    731    276     63     32    346      7    634    253   1248    801 
kohlrabi          1912    233   4521   1003   1233   1688   2016   4038   3222    615    403    412   1733   2476   2690   1049    763   1585   1571   1269    173    134    694   3021   2509   2073   1478   2275    614   2217     68   2444    298    709    498   1337   1121   2543    194    318   1967   1015   1633   1611   2018    120   1100    143   1324   1372    837   3226   1630   1843   1554   2711   2749    259    900   1158 
lavender            12    123     18     54     31    247    202      0     72    127    282      5    154    101     86    157    110    153    131    129    279    211    118    105     81    322      5    169    212    247     31      3    252    251     62    102     49     94     72     63    170    207     39     58    245    186    124     62     10    124    218     22     60    263    255     87     73    245    109     57 
leek               330   3824    403   1730   1338   7625   5569      0   1810   4054   7865    105   4700   2857   2638   4402   3830   4511   3711   4477   8074   6014   3350   3477   2665   9076    154   5266   5879   6724    714     31   7677   7547   1699   2917   1278   2498   2057   1713   5117   5879   1361   1745   6958   5246   3689   2019    409   3537   7497    893   2244   7131   8024   2643   1927   7711   2759   1574 
lentil              55     71     14     11     65     13      5     33      4     91     32    123     78      2      2      4    126     44     24     42     49     80     66     29     72      8    146     15     10     14     84     57     41      7    144     44    103     17     32    139      2      2     83     42      1     29     38    112     51     78     50     11      7      4     24      0     39      9     80     58 
lettuce            341   4542    419   2074   1597   8907   6348      0   2105   4459   9278    145   5424   3229   3106   5033   4224   5248   4276   5219   9075   6740   3734   3994   3141  10413    196   5975   6747   7503    837     35   8781   8639   2053   3259   1445   2937   2444   2016   5879   6596   1555   2128   7958   6017   4330   2374    442   3980   8503    966   2471   8235   9288   3051   2240   8694   3183   1879 
lime               233    218     66     48    265     46     24    104      2    367    135    470    261      5     35     14    380    155     85    113    192    216    308    145    254     26    486     61     37     49    283    190    172     22    491    154    340     62    117    520     20     21    234    162      1     64    107    438    151    267    147     60     15      3     89      4    102     52    251    177 
maize              260    254     53     50    249     61     20    113      4    401    132    455    295      3     34     17    415    162     78    126    169    228    293    163    252     24    505     98     39     43    340    196    154     14    481    154    300     69    126    548     17     24    277    143      0     77     91    457    171    272    180     53     12      6     94      1    149     54    266    189 
mango              695    992    248   1599    941    252    495     49    847     22    361   1055    187    940    488   1030    167    241    921    650    249    632    713    208    199     33    426    182    851    276   1102    834    699    823    206   1103    669    598   1487    442    696    628    940    941     94   1407    758    607   1118    467     34    490   1360    404    170    789    264    692    917   1016 
melon             1324   1325    364    281   1410    297    135    594     47   2259    735   2714   1625     39    209    120   2449   1047    500    630   1073   1359   1671    934   1438    188   2955    433    212    280   1874   1107    892     95   2949    797   1978    374    733   3054    111    146   1533    863      6    461    609   2580    975   1570    952    341     67     34    490     13    799    301   1585   1068 
mulberry           299   3645    342   1689   1208   7089   4964      0   1649   3724   7234     85   4374   2634   2439   3986   3471   4072   3377   4254   7373   5284   2989   3139   2354   8241    160   4722   5234   6107    637     40   7161   6867   1613   2598   1173   2335   1967   1552   4662   5404   1188   1605   6383   4711   3450   1959    311   3148   6814    765   2024   6434   7114   2374   1725   6922   2517   1420 
mushroom           846    863    242    180    866    176     83    372     35   1438    465   1667    991     26    123     72   1544    650    327    405    724    801    986    580    924    110   1882    251    147    160   1232    717    554     64   1847    478   1292    222    512   2049     93     82    927    519      3    278    388   1596    646   1021    608    209     50     12    303      4    526    198    959    650 
mustard            789   1092    291   1851   1095    316    635     73   1005     30    471   1240    246   1157    552   1194    181    298   1098    717    296    758    828    285    235     37    429    196   1082    330   1300    988    808    956    218   1276    749    694   1808    495    846    772   1067   1084     99   1671    868    708   1354    567     42    599   1738    525    201    955    272    853   1115   1143 
nectarine         1716    233   3849    874    925   1481   1815   3597   2771    548    367    341   1487   2053   2347    885    680   1419   1300   1031    164    116    558   2657   2109   1761   1223   2009    543   1927     86   2104    273    579    407   1143    973   2195    180    304   1810    903   1415   1352   1700     98    898    158   1131   1279    709   2850   1391   1538   1352   2349   2341    237    771   1041 
okra               457    665    166   1063    608    163    368     44    587     13    230    746    165    642    310    668    105    147    583    434    180    434    438    170    122     19    305     92    567    210    729    549    409    536    131    746    449    400   1027    284    474    418    528    648     63    911    477    415    806    335     19    308    927    261    146    535    173    389    578    645 
olive             1176   1749    441   2768   1692    461    931    121   1520     54    622   1845    366   1668    857   1821    287    429   1594   1058    456   1158   1237    433    329     61    725    306   1647    590   2057   1460   1221   1441    362   1905   1135   1048   2698    807   1308   1191   1621   1656    156   2530   1327   1118   2093    867     69    831   2567    778    359   1426    427   1171   1720   1764 
onion             3754    506   8720   1920   2223   3251   3934   7921   6299   1198    813    852   3311   4696   5281   2006   1430   3180   2867   2357    282    270   1310   5815   4788   4163   2926   4437   1245   4181    142   4634    563   1337   1002   2610   2256   4691    431    663   3765   2055   3060   3025   3772    204   2060    329   2536   2549   1547   6236   3004   3645   3102   5024   5292    542   1787   2375 
orange            1286   1885    549   3064   1879    470   1027    143   1641     58    721   2104    434   1930    904   1982    315    444   1730   1227    528   1277   1350    432    372     56    729    341   1724    587   2220   1622   1353   1616    410   2193   1238   1124   2975    902   1497   1312   1743   1893    202   2800   1485   1126   2329    975     74    898   2959    863    361   1531    509   1373   1829   1966 
oregano            417     63    919    193    223    332    455    868    750    123     76    106    402    509    609    222    139    331    274    274     29     21    137    661    505    475    306    522    132    458     16    534     76    136    108    293    283    549     51     58    423    223    331    320    429     15    225     43    280    308    146    682    356    436    337    592    554     54    184    253 
papaya            1476   2034    587   3480   1991    540   1166    147   1962     51    842   2307    420   2021   1100   2138    347    521   2023   1313    572   1409   1568    522    378     65    855    335   1990    692   2523   1808   1519   1737    454   2452   1385   1290   3434   1010   1643   1444   1916   2059    227   3111   1505   1394   2553   1094     74   1001   3229    984    432   1780    521   1529   2017   2234 
parsley           1233   1290    334    235   1335    289    151    583     41   2066    693   2423   1425     42    179     99   2342    963    439    611   1040   1321   1553    835   1332    184   2819    414    195    257   1736   1030    753     89   2663    726   1782    318    638   2876    113    122   1413    810      5    414    534   2390   1014   1425    858    294     60     37    394      6    741    281   1491    985 
parsnip            492     66   1149    256    277    407    490    953    811    190    104    102    433    546    650    255    178    447    362    333     51     25    186    757    613    486    421    561    132    579     19    590     70    146    138    349    277    608     55     74    526    242    403    385    530     26    272     47    343    332    201    810    436    463    373    645    630     69    265    274 
pea               1104    135   2542    556    654    899   1188   2275   1851    349    248    270    998   1392   1502    565    440    930    861    663     84     69    384   1693   1420   1197    837   1322    330   1223     43   1325    154    384    320    723    650   1422    116    175   1056    614    919    908   1165     62    641     96    744    723    441   1805    899   1068    906   1448   1572    154    480    701 
peach               11     12      0      7      9      1      2      7      0     20      7     22     14      0      1      1     21     11      2      9     17     14     21      8     15      2     35      1      0      1     23     10      8      0     19     12     15      5      9     31      0      2     15     16      0      5     10     25     11     16      9      3      0      0      7      0      4      0     14     11 
pear               241    237     60     51    266     49     29    114      7    375    143    448    274     13     30     22    430    192     77    128    198    261    317    192    263     28    554     79     42     45    330    222    178     19    511    153    355     62    132    514     24     23    272    150      3     81    114    470    208    287    175     61     15     11     99      0    146     63    293    181 
pepper            4083    617   9746   2059   2481   3521   4252   8799   6987   1364    944    928   3647   5270   5853   2125   1499   3509   3147   2654    317    289   1494   6549   5130   4627   3198   5134   1380   4596    164   5097    615   1481   1076   2852   2384   5535    475    660   4212   2231   3492   3385   4407    243   2407    411   2849   2864   1752   7032   3436   4042   3422   5683   5908    637   1925   2648 
persimmon           19     14      3      1     18      3      2     11      1     22      7     30     21      0      1      0     27      7      4      6      8     16     21     14     10      2     31      3      2      2     23     17     16      1     35     11     23      1      7     35      0      1     11     11      0      1     13     25      9     19     14      2      1      1      6      0     10      5     20     15 
pineapple           35     34      7      4     32      9      4     25      1     57     19     65     33      2     12      5     61     30     14     19     30     42     52     24     37      6     74     11      6      6     63     25     25      2     79     15     55     10     22     87      7      4     32     28      0     11     11     73     21     26     21     15      2      2     12      0     24      9     53     24 
plantain           361    547    141    849    488    137    313     43    475     11    205    590    129    573    286    506     89    138    514    357    143    366    396    139     98     17    223     99    552    208    611    499    401    458    120    677    383    358    811    248    434    409    494    581     66    807    388    332    677    261     16    293    829    253    113    448    128    411    499    544 
plum                56    735     65    340    238   1478   1015      0    336    751   1441     24    827    533    489    827    717    844    701    827   1491   1133    618    658    526   1682     37    954   1023   1265    140      4   1452   1345    343    548    232    444    369    335    993   1072    256    358   1302    989    662    412     59    691   1334    147    407   1332   1418    463    355   1431    512    309 
pomegranate        243   2636    287   1217    882   5143   3710      0   1332   2597   5357     62   3221   1921   1787   2879   2413   2951   2499   2915   5343   3877   2137   2234   1783   6054    139   3426   3890   4509    477     19   5043   4880   1220   1946    875   1610   1406   1148   3441   3887    899   1146   4730   3483   2545   1349    239   2367   4850    553   1431   4780   5263   1789   1288   5034   1835   1050 
potato             341     40    817    177    204    311    360    732    573     95     80     83    301    445    453    206    133    309    292    218     26     34    132    559    447    397    232    431    112    377     10    433     51    112     89    243    195    444     31     55    355    163    305    280    361     27    196     32    247    245    151    560    277    325    257    486    480     51    168    192 
pumpkin           2148    320   4939   1131   1287   1862   2326   4521   3549    752    481    537   1904   2648   3165   1126    822   1826   1679   1366    158    133    752   3481   2667   2299   1650   2663    672   2467     98   2682    338    789    553   1470   1236   2724    233    350   2135   1154   1781   1803   2271    126   1157    184   1403   1454    841   3532   1756   2088   1713   2896   2909    313    980   1276 
quince             379    413     95     80    400     79     45    157     18    606    213    699    450     12     73     37    691    310    113    194    308    345    476    288    387     52    835    114     49     72    574    311    242     29    772    244    561     83    214    859     34     42    426    273      0    141    154    729    285    486    282     93     28     10    117      2    230    108    450    267 
radish            2826   4078   1074   6675   3823   1000   2170    288   3633    122   1561   4455    881   4067   2171   4169    686   1046   3856   2631   1061   2800   3060   1003    784    152   1665    731   3693   1303   4673   3449   2918   3539    850   4752   2696   2446   6237   1871   3094   2654   3832   3992    396   5960   3127   2589   4954   2122    176   2005   6103   1783    805   3456   1063   2924   4008   4341 
raisin             239    225     53     50    233     39     24    105      6    396    149    437    239      6     33     19    482    189     76    137    211    207    283    147    239     32    513     63     28     29    311    202    158     20    473    144    344     60    119    548     17     31    240    153      1    101     79    418    198    258    180     45      9      3     62      1    120     39    268    163 
raspberry          937   1382    381   2186   1354    298    733    100   1173     35    511   1504    297   1371    661   1326    228    347   1264    869    381    960    999    340    273     41    564    224   1266    417   1581   1139    984   1170    291   1584    841    849   2150    629   1007    963   1237   1337    137   2010   1051    883   1663    704     59    678   2037    646    270   1142    330    945   1264   1440 
rhubarb             59     88     18    136     76     25     37      6     76      4     26     71     19     87     40    111      9     19     73     54     16     57     55     25     17      1     38     11     61     18     88     76     59     70     24     98     76     47    109     40     67     70     79     83     11    119     46     40     84     58      4     36    114     28      9     59     35     71     89     70 
rosemary           451     63   1169    272    291    421    540   1023    803    177    137    120    452    669    682    248    198    425    380    323     45     37    177    786    616    550    368    630    166    620     21    604     80    173    157    343    302    592     67     92    493    303    356    398    487     34    256     34    336    345    210    857    414    465    391    667    701     64    227    316 
rutabaga           574    482    130     98    502     92     64    200     14    853    281    956    585     14     84     49    933    383    181    241    393    512    643    343    545     49   1120    175    116    100    709    421    344     33   1038    319    769    137    312   1179     50     45    577    360      2    172    221   1015    376    604    376    107     25     15    185      3    304    123    595    418 
sage              2528   3568   1008   5943   3478    925   1930    263   3367    105   1337   3938    710   3674   1936   3805    626    852   3479   2397    937   2568   2642    888    673    121   1577    601   3490   1275   4211   3117   2602   3213    811   4312   2441   2218   5854   1739   2769   2476   3423   3620    393   5438   2851   2402   4523   1874    153   1896   5607   1620    731   3098    998   2650   3625   3857 
scallion            74     75     22     13     78      9     12     31      2    114     37    129     70      1     10      5    147     61     47     37     45     80     90     51     86     10    155     23     11      9     83     59     48      2    139     48    103     16     41    159     13      4     75     35      2     13     34    153     63    105     48     26      0      1     27      0     39     20     88     71 
spinach            944    989    243    184   1032    222    116    465     24   1650    600   2001   1199     29    143     76   1861    733    352    454    798    969   1310    709   1022    131   2185    334    135    183   1325    796    678     64   2098    583   1412    251    511   2227     98     99   1081    672      8    324    439   1845    731   1166    714    232     48     35    370     10    581    225   1136    740 
strawberry         140   1679    173    779    585   3407   2387      0    770   1678   3472     44   2082   1279   1168   1902   1713   1958   1648   1990   3509   2536   1446   1451   1179   3944     68   2258   2538   2953    292     10   3281   3327    780   1370    561   1075    912    785   2311   2525    583    778   3013   2302   1633    979    169   1500   3278    383    944   3183   3437   1125    840   3356   1169    715 
tamarind           700    670    206    142    750    142     74    321     18   1138    384   1361    802     27     99     56   1276    517    279    356    586    717    841    493    768     80   1573    226    105    132    944    582    475     52   1476    400    955    166    376   1530     69     61    826    452      4    228    289   1319    566    795    474    168     45     18    273      6    424    155    764    535 
tangerine         2470   2438    642    508   2561    536    294   1130     69   4169   1444   4878   2882     90    392    198   4663   1785    827   1190   2080   2507   3081   1691   2560    355   5654    839    377    456   3435   2113   1694    187   5359   1406   3637    662   1400   5623    223    246   2866   1658     10    865   1172   4751   1907   2918   1751    636    145     61    893     18   1483    553   2860   1912 
thyme             4089    561   9850   2114   2474   3497   4259   8929   7074   1329    976    917   3760   5214   5941   2162   1619   3535   3349   2723    327    292   1639   6716   5241   4775   3237   5197   1322   4666    154   5347    661   1510   1113   2871   2473   5271    461    724   4294   2266   3551   3545   4390    224   2398    389   2886   2910   1760   7045   3484   4231   3466   5659   5992    615   1912   2630 
tomato            1929   1589   2602   2938   1988   1200   1871   2062   2958    335    777   1796   1172   2735   2047   2020    612   1153   2213   1511    494   1166   1408   1858   1446   1084   1352   1371   1794   1576   1818   2468   1252   1648    568   2416   1528   2094   2496    914   2122   1490   2210   2230   1125   2336   1670   1152   2510   1500    423   2357   3005   1635   1065   2539   1684   1217   1900   2118 
turnip             592    629    158    131    683    137     74    287     17   1028    322   1237    739     19    107     53   1163    480    247    319    483    627    749    407    669     71   1395    203    105    109    876    525    396     45   1298    364    936    168    369   1509     58     63    678    383      5    200    271   1190    474    702    455    164     31     18    220      8    379    133    738    499 
wasabi             495    529    134    116    554    117     50    253     14    937    328   1062    612     14     91     40   1066    400    188    312    406    583    675    383    545     82   1140    189     79     95    787    494    367     47   1169    348    756    170    295   1277     53     57    610    374      4    206    235    999    448    621    404    138     31     14    177      4    327    121    688    403 
watercress          53    823     77    360    279   1529   1054      0    370    793   1656     35    974    575    538    842    735    889    749    892   1590   1167    653    681    554   1842     27   1099   1188   1307    137      6   1543   1500    356    604    281    500    406    383   1056   1240    283    358   1342   1033    764    446     70    726   1490    171    487   1396   1563    506    379   1476    504    290 
watermelon         252    265     74     47    274     49     28    128      4    460    157    510    330      9     50     25    525    234    109    125    227    284    361    206    288     37    639    109     36     41    359    234    191     30    636    149    431     80    173    626     32     37    284    200      0     92    128    500    229    337    192     71     18      4    125      2    176     67    327    208 
yam                764    802    210    153    863    165     86    363     27   1391    470   1567    913     23    113     81   1533    601    272    396    626    721    954    546    845    124   1843    278    125    174   1082    653    543     60   1712    486   1186    177    415   1779     70     68    835    539      5    270    356   1502    613    898    557    215     53     17    275      8    463    182    950    544 
zucchini          1540   1640    388    370   1779    367    166    745     46   2742    885   3303   1983     58    280    147   3027   1272    617    841   1319   1677   2014   1090   1675    235   3524    524    264    332   2234   1350   1042     86   3447    957   2364    391    876   3748    139    166   1775   1063      8    597    771   3106   1209   1935   1178    400    118     36    609     12    928    359   2022   1280 
